9.69428e-005  9.9694e-005
  0.00655401   0.00673906
0.000338594 0.000374686
  0.0228757    0.025303
0.000894686    0.001202
  0.0603506   0.0810082
-0.247608 -0.252336
 0.162851 -0.155424
-0.00181672 -0.00119676
  -0.122041  -0.0802817
-0.000826883  -0.00067167
  -0.0553269   -0.0448794
-0.000561833  -0.00048629
  -0.0374314   -0.0323481
-0.000434014 -0.000387935
  -0.0287764    -0.025677
-0.000357371 -0.000325841
  -0.0235691   -0.0214493
-0.000305709 -0.000282578
  -0.0200461   -0.0184921
-0.000268236 -0.000250454
  -0.0174813   -0.0162879
 -0.00023965 -0.000225513
   -0.015518   -0.0145704
-0.000217025 -0.000205498
  -0.0139593   -0.0131879
-0.000198606 -0.000189019
  -0.0126871   -0.0120467
-0.000183271 -0.000175169
  -0.0116259   -0.0110858
-0.000170269 -0.000163332
   -0.010725   -0.0102637
-0.000159075 -0.000153072
 -0.00994896  -0.00955082
-0.000149315 -0.000144072
 -0.00927236  -0.00892559
-0.000140711 -0.000136096
 -0.00867628  -0.00837193
-0.000133054 -0.000128965
 -0.00814639  -0.00787751
-0.000126186 -0.000122543
 -0.00767164  -0.00743273
-0.000119982 -0.000116722
 -0.00724332  -0.00702997
-0.000114347 -0.000111418
 -0.00685451  -0.00666315
-0.000109203 -0.000106564
  -0.0064996   -0.0063273
 -0.00010449 -0.000102106
 -0.00617402  -0.00601834
 -0.000100157 -9.80011e-005
  -0.00587398   -0.00573289
 -9.6167e-005 -9.42147e-005
  -0.00559632   -0.00546811
-9.24862e-005 -9.07185e-005
   -0.0053384   -0.00522161
-8.90891e-005 -8.74893e-005
  -0.00509797   -0.00499135
-8.59539e-005 -8.45083e-005
  -0.00487311    -0.0047756
 -8.3063e-005 -8.17598e-005
  -0.00466217   -0.00457284
-8.04014e-005 -7.92304e-005
  -0.00446374   -0.00438179
-7.79565e-005 -7.69089e-005
  -0.00427658   -0.00420129
-7.57173e-005 -7.47855e-005
  -0.00409961   -0.00403037
-7.36741e-005 -7.28513e-005
  -0.00393188   -0.00386815
 -7.1818e-005 -7.10983e-005
  -0.00377257   -0.00371386
-7.01406e-005 -6.95186e-005
  -0.00362094   -0.00356682
-6.86339e-005 -6.81048e-005
  -0.00347633   -0.00342642
  -6.729e-005 -6.68492e-005
  -0.00333817   -0.00329212
-6.61006e-005 -6.57438e-005
  -0.00320593   -0.00316343
-6.50574e-005 -6.47806e-005
  -0.00307914   -0.00303992
-6.41516e-005  -6.3951e-005
   -0.0029574   -0.00292119
-6.33739e-005 -6.32457e-005
  -0.00284031    -0.0028069
-6.27145e-005 -6.26549e-005
  -0.00272754   -0.00269672
-6.20831e-005 -6.20864e-005
  -0.00261555   -0.00258719
-6.11461e-005 -6.11615e-005
  -0.00249357   -0.00246777
-6.05697e-005  -6.0589e-005
  -0.00239325   -0.00236948
-5.99248e-005 -5.99569e-005
  -0.00229616   -0.00227427
-5.92369e-005 -5.92886e-005
  -0.00220208   -0.00218194
-5.85248e-005 -5.86012e-005
  -0.00211081    -0.0020923
-5.78024e-005  -5.7907e-005
  -0.00202216   -0.00200516
-5.70784e-005 -5.72136e-005
  -0.00193596   -0.00192038
-5.63579e-005 -5.65249e-005
  -0.00185206   -0.00183779
-5.56422e-005 -5.58415e-005
   -0.0017703   -0.00175726
  -5.493e-005 -5.51611e-005
  -0.00169055   -0.00167866
-5.42174e-005 -5.44793e-005
  -0.00161269   -0.00160186
-5.34982e-005 -5.37895e-005
   -0.0015366   -0.00152677
-5.27648e-005 -5.30836e-005
  -0.00146217   -0.00145326
 -5.2008e-005 -5.23521e-005
  -0.00138929   -0.00138125
-5.12176e-005 -5.15844e-005
  -0.00131789   -0.00131065
-5.03825e-005 -5.07693e-005
  -0.00124787   -0.00124138
-4.94912e-005 -4.98951e-005
  -0.00117916   -0.00117337
-4.85316e-005 -4.89497e-005
   -0.0011117   -0.00110655
-4.74918e-005  -4.7921e-005
  -0.00104544   -0.00104089
-4.63602e-005 -4.67974e-005
  -0.00098033  -0.000976336
-4.51258e-005 -4.55677e-005
 -0.000916358  -0.000912873
-4.37786e-005 -4.42221e-005
 -0.000853516  -0.000850499
-4.23102e-005 -4.27521e-005
 -0.000791825  -0.000789237
-4.07146e-005 -4.11518e-005
 -0.000731341  -0.000729143
-3.89895e-005 -3.94189e-005
 -0.000672163  -0.000670319
-3.71377e-005 -3.75564e-005
 -0.000614457   -0.00061293
  -3.517e-005 -3.55752e-005
 -0.000558475  -0.000557231
-3.31089e-005 -3.34984e-005
 -0.000504604  -0.000503609
-3.09954e-005 -3.13672e-005
 -0.000453423  -0.000452644
-2.88979e-005 -2.92511e-005
 -0.000405795    -0.0004052
-2.69266e-005 -2.72618e-005
 -0.000362987  -0.000362546
-2.52496e-005 -2.55697e-005
 -0.000326791  -0.000326475
-2.41047e-005 -2.44157e-005
  -0.00029954  -0.000299326
-2.37836e-005  -2.4096e-005
 -0.000283791  -0.000283658
-2.44579e-005 -2.47836e-005
 -0.000280259  -0.000280197
-2.57372e-005 -2.60763e-005
 -0.000283371   -0.00028338
-2.82097e-005 -2.85771e-005
 -0.000298787  -0.000298873
-3.19407e-005 -3.23535e-005
 -0.000325824  -0.000326002
-3.67998e-005 -3.72728e-005
 -0.000361918  -0.000362208
-4.26426e-005  -4.3189e-005
 -0.000404709  -0.000405137
-4.93506e-005 -4.99823e-005
 -0.000452378  -0.000452975
-5.68396e-005 -5.75674e-005
 -0.000503639  -0.000504434
-6.50544e-005 -6.58887e-005
 -0.000557609  -0.000558636
-7.39613e-005 -7.49123e-005
 -0.000613698  -0.000614989
-8.35422e-005 -8.46198e-005
 -0.000671506  -0.000673099
-9.37892e-005 -9.50038e-005
 -0.000730771  -0.000732701
-0.000104702 -0.000106064
-0.000791318 -0.000793623
-0.000116285 -0.000117805
-0.000853036 -0.000855755
-0.000128547 -0.000130236
-0.000915859 -0.000919034
-0.000141499 -0.000143368
-0.000979757  -0.00098343
-0.000155153 -0.000157214
 -0.00104472  -0.00104894
-0.000169524 -0.000171789
 -0.00111076  -0.00111557
-0.000184626 -0.000187108
 -0.00117791  -0.00118335
-0.000200475 -0.000203187
  -0.0012462  -0.00125234
-0.000217088 -0.000220043
 -0.00131569  -0.00132258
 -0.00023448 -0.000237694
 -0.00138644  -0.00139413
 -0.00025267 -0.000256157
 -0.00145852  -0.00146707
-0.000271673 -0.000275451
   -0.001532  -0.00154148
 -0.00029151 -0.000295594
 -0.00160698  -0.00161746
-0.000312196 -0.000316605
 -0.00168355  -0.00169511
-0.000333751 -0.000338504
 -0.00176182  -0.00177453
-0.000356193 -0.000361311
  -0.0018419  -0.00185585
-0.000379543 -0.000385047
 -0.00192391  -0.00193919
-0.000403819 -0.000409731
   -0.002008  -0.00202471
-0.000429043 -0.000435388
 -0.00209432  -0.00211256
-0.000455235 -0.000462039
 -0.00218302  -0.00220292
-0.000482417 -0.000489707
 -0.00227429  -0.00229596
-0.000510612 -0.000518416
 -0.00236832   -0.0023919
-0.000539842 -0.000548192
 -0.00246533  -0.00249096
-0.000566289 -0.000575115
 -0.00254825  -0.00257572
-0.000596708 -0.000606194
 -0.00264757   -0.0026773
 -0.00062914 -0.000639364
 -0.00275351  -0.00278574
-0.000662997 -0.000674022
 -0.00286327  -0.00289821
-0.000698375 -0.000710268
 -0.00297717  -0.00301502
-0.000735379 -0.000748215
 -0.00309553  -0.00313654
-0.000774125  -0.00078799
 -0.00321872  -0.00326316
-0.000814748 -0.000829733
 -0.00334716  -0.00339532
-0.000857395 -0.000873606
 -0.00348131  -0.00353352
-0.000902233 -0.000919787
 -0.00362168   -0.0036783
-0.000949452 -0.000968479
 -0.00376885  -0.00383029
-0.000999264  -0.00101991
 -0.00392345  -0.00399018
-0.00105191 -0.00107435
-0.00408622 -0.00415874
-0.00110767  -0.0011321
-0.00425797 -0.00433689
-0.00116686 -0.00119349
-0.00443965 -0.00452562
-0.00122985 -0.00125893
-0.00463233 -0.00472612
-0.00129704 -0.00132886
-0.00483722  -0.0049397
-0.00136894 -0.00140384
-0.00505574 -0.00516793
 -0.0014461 -0.00148447
-0.00528952 -0.00541261
-0.00152921 -0.00157151
-0.00554049 -0.00567583
-0.00161905 -0.00166584
-0.00581087 -0.00596009
-0.00171658  -0.0017685
-0.00610333 -0.00626833
-0.00182294 -0.00188079
-0.00642101 -0.00660409
-0.00193954 -0.00200428
-0.00676772 -0.00697162
-0.00206809 -0.00214092
-0.00714806 -0.00737614
-0.00221077 -0.00229316
-0.00756769 -0.00782406
-0.00237029 -0.00246411
-0.00803361 -0.00832339
-0.00255017 -0.00265785
-0.00855466 -0.00888431
-0.00275503 -0.00287974
 -0.0091421  -0.0095199
-0.00299106 -0.00313704
-0.00981058  -0.0102473
-0.00326676 -0.00343986
 -0.0105795  -0.0110896
-0.00359416 -0.00380266
 -0.0114754  -0.0120784
-0.00399089 -0.00424699
  -0.012535  -0.0132584
-0.00448391 -0.00480637
 -0.0138116  -0.0146954
-0.00511665 -0.00553603
 -0.0153855  -0.0164905
-0.00596383 -0.00653379
 -0.0173837  -0.0188076
-0.00716574 -0.00799009
 -0.0200214  -0.0219322
-0.00901841  -0.0103279
  -0.023695  -0.0264113
-0.0122621 -0.0146878
-0.0292218 -0.0334292
-0.0193154 -0.0252859
-0.0385372 -0.0459289
-0.0428161 -0.0690658
-0.0556387  -0.066503
  -0.127503   -0.119938
-0.00908433   0.0603049
-0.0254847 -0.0126815
 0.0645613  0.0544707
-0.00184429  -0.0009077
   0.024807   0.0226381
-5.97983e-006  4.61869e-005
     0.006724    0.00654711
